15 0.711667 0.381250 0.083333 0.062500
15 0.713333 0.504167 0.060000 0.066667
15 0.653333 0.568750 0.033333 0.054167
15 0.698333 0.604167 0.063333 0.050000
15 0.665000 0.664583 0.056667 0.062500
15 0.728333 0.670833 0.050000 0.050000
15 0.933333 0.658333 0.053333 0.075000
15 0.630000 0.885417 0.066667 0.062500
15 0.663333 0.760417 0.053333 0.062500
15 0.746667 0.795833 0.046667 0.075000
15 0.563333 0.737500 0.060000 0.075000
15 0.463333 0.647917 0.046667 0.062500
15 0.420000 0.641667 0.066667 0.050000
15 0.398333 0.700000 0.056667 0.050000
15 0.395000 0.804167 0.036667 0.050000
15 0.426667 0.872917 0.053333 0.062500
15 0.485000 0.887500 0.050000 0.050000
15 0.300000 0.841667 0.046667 0.083333
15 0.281667 0.741667 0.083333 0.058333
15 0.211667 0.629167 0.056667 0.091667
15 0.128333 0.485417 0.076667 0.095833
15 0.278333 0.375000 0.070000 0.041667
15 0.311667 0.427083 0.036667 0.087500
15 0.305000 0.260417 0.056667 0.070833
15 0.341667 0.135417 0.050000 0.095833
15 0.515000 0.160417 0.056667 0.045833
15 0.603333 0.156250 0.073333 0.079167
15 0.518333 0.254167 0.043333 0.058333
15 0.535000 0.372917 0.056667 0.054167
15 0.611667 0.441667 0.056667 0.083333
15 0.446667 0.456250 0.073333 0.062500
15 0.376667 0.504167 0.053333 0.066667
15 0.335000 0.622917 0.056667 0.079167
15 0.288333 0.502083 0.050000 0.062500
15 0.733333 0.193750 0.086667 0.070833
