15 0.305882 0.110000 0.070588 0.088235
15 0.463529 0.124706 0.068235 0.089412
15 0.605294 0.137059 0.097647 0.036471
15 0.574706 0.188824 0.085882 0.076471
15 0.636471 0.241765 0.072941 0.052941
15 0.715882 0.215294 0.078824 0.075294
15 0.867647 0.333529 0.034118 0.081176
15 0.825882 0.398235 0.058824 0.083529
15 0.741176 0.462353 0.068235 0.094118
15 0.757647 0.582353 0.049412 0.072941
15 0.669412 0.598824 0.063529 0.091765
15 0.513529 0.591176 0.055294 0.085882
15 0.558824 0.468824 0.103529 0.050588
15 0.657647 0.412353 0.051765 0.076471
15 0.382353 0.345882 0.063529 0.061176
15 0.358824 0.234118 0.058824 0.077647
15 0.244118 0.447059 0.076471 0.082353
15 0.177059 0.392353 0.088235 0.076471
15 0.186471 0.602941 0.092941 0.081176
15 0.170588 0.707647 0.084706 0.078824
15 0.355882 0.620588 0.088235 0.048235
15 0.301765 0.673529 0.083529 0.057647
15 0.295294 0.728235 0.101176 0.042353
15 0.248824 0.765294 0.071765 0.076471
15 0.373529 0.870588 0.069412 0.058824
15 0.399412 0.762353 0.078824 0.068235
15 0.520588 0.829412 0.069412 0.084706
15 0.726471 0.719412 0.069412 0.057647
15 0.653529 0.800000 0.090588 0.084706
15 0.807647 0.789412 0.045882 0.082353
15 0.764706 0.894706 0.098824 0.085882
15 0.901765 0.640000 0.064706 0.077647
15 0.924118 0.505882 0.055294 0.072941
15 0.866471 0.522353 0.036471 0.084706
15 0.681176 0.308824 0.084706 0.055294
