15 0.424675 0.087786 0.023377 0.053435
15 0.432468 0.141221 0.023377 0.068702
15 0.437662 0.187023 0.023377 0.053435
15 0.414286 0.232824 0.028571 0.068702
15 0.385714 0.221374 0.018182 0.091603
15 0.363636 0.206107 0.020779 0.045802
15 0.366234 0.324427 0.025974 0.053435
15 0.372727 0.385496 0.028571 0.053435
15 0.344156 0.404580 0.018182 0.061069
15 0.354545 0.522901 0.018182 0.068702
15 0.397403 0.454198 0.025974 0.038168
15 0.403896 0.412214 0.023377 0.045802
15 0.432468 0.458015 0.023377 0.061069
15 0.406494 0.538168 0.023377 0.053435
15 0.367532 0.610687 0.018182 0.045802
15 0.385714 0.687023 0.028571 0.061069
15 0.411688 0.641221 0.018182 0.061069
15 0.451948 0.580153 0.025974 0.061069
15 0.461039 0.534351 0.028571 0.061069
15 0.463636 0.465649 0.028571 0.045802
15 0.485714 0.374046 0.015584 0.045802
15 0.464935 0.232824 0.020779 0.068702
15 0.510390 0.244275 0.012987 0.045802
15 0.503896 0.133588 0.025974 0.053435
15 0.459740 0.125954 0.015584 0.053435
15 0.510390 0.572519 0.023377 0.045802
15 0.527273 0.484733 0.020779 0.068702
15 0.532468 0.339695 0.015584 0.053435
15 0.542857 0.385496 0.015584 0.068702
15 0.509091 0.362595 0.015584 0.053435
15 0.566234 0.278626 0.025974 0.038168
15 0.551948 0.156489 0.018182 0.068702
15 0.575325 0.362595 0.018182 0.083969
15 0.563636 0.606870 0.020779 0.038168
15 0.583117 0.503817 0.033766 0.030534
15 0.609091 0.553435 0.028571 0.053435
15 0.541558 0.583969 0.028571 0.068702
15 0.501299 0.641221 0.025974 0.061069
15 0.458442 0.709924 0.018182 0.045802
15 0.437662 0.812977 0.023377 0.083969
15 0.407792 0.782443 0.020779 0.083969
15 0.458442 0.874046 0.033766 0.038168
15 0.488312 0.893130 0.015584 0.076336
15 0.815584 0.381679 0.025974 0.045802
15 0.841558 0.358779 0.020779 0.061069
15 0.797403 0.232824 0.020779 0.068702
15 0.746753 0.232824 0.023377 0.068702
15 0.722078 0.213740 0.020779 0.076336
15 0.696104 0.206107 0.025974 0.045802
15 0.698701 0.328244 0.020779 0.076336
15 0.702597 0.389313 0.028571 0.045802
15 0.674026 0.412214 0.012987 0.061069
15 0.684416 0.534351 0.018182 0.076336
15 0.731169 0.461832 0.023377 0.038168
15 0.736364 0.408397 0.023377 0.053435
15 0.764935 0.469466 0.018182 0.053435
15 0.741558 0.545802 0.018182 0.038168
15 0.716883 0.694656 0.031169 0.061069
15 0.784416 0.587786 0.025974 0.045802
15 0.794805 0.473282 0.025974 0.045802
15 0.859740 0.496183 0.020779 0.076336
15 0.841558 0.583969 0.020779 0.038168
15 0.831169 0.641221 0.020779 0.061069
15 0.814286 0.732824 0.012987 0.076336
15 0.787013 0.709924 0.015584 0.061069
15 0.775325 0.736641 0.018182 0.053435
15 0.790909 0.778626 0.018182 0.061069
15 0.784416 0.866412 0.020779 0.053435
15 0.738961 0.790076 0.018182 0.083969
15 0.822078 0.900763 0.012987 0.091603
15 0.897403 0.610687 0.018182 0.045802
15 0.862338 0.171756 0.020779 0.099237
15 0.884416 0.156489 0.012987 0.083969
15 0.822078 0.087786 0.023377 0.038168
15 0.755844 0.099237 0.020779 0.045802
15 0.767532 0.198473 0.018182 0.061069
15 0.901299 0.278626 0.031169 0.038168
15 0.905195 0.362595 0.012987 0.068702
15 0.874026 0.381679 0.018182 0.045802
15 0.916883 0.503817 0.025974 0.045802
15 0.944156 0.557252 0.023377 0.061069
15 0.144156 0.538168 0.028571 0.053435
15 0.135065 0.583969 0.025974 0.053435
15 0.092208 0.549618 0.018182 0.045802
15 0.114286 0.469466 0.020779 0.068702
15 0.076623 0.465649 0.028571 0.030534
15 0.083117 0.419847 0.020779 0.045802
15 0.053247 0.381679 0.023377 0.045802
15 0.027273 0.412214 0.018182 0.076336
15 0.048052 0.324427 0.023377 0.053435
15 0.071429 0.217557 0.012987 0.083969
15 0.146753 0.473282 0.028571 0.045802
15 0.066234 0.694656 0.028571 0.030534
15 0.029870 0.534351 0.018182 0.076336
15 0.163636 0.729008 0.010390 0.068702
15 0.137662 0.874046 0.025974 0.053435
15 0.123377 0.732824 0.023377 0.030534
15 0.089610 0.801527 0.012987 0.106870
15 0.181818 0.648855 0.020779 0.061069
15 0.214286 0.164122 0.018182 0.083969
15 0.148052 0.232824 0.020779 0.068702
15 0.192208 0.259542 0.020779 0.061069
