15 0.171815 0.251282 0.073359 0.030769
15 0.059846 0.302564 0.042471 0.061538
15 0.104247 0.374359 0.038610 0.071795
15 0.094595 0.179487 0.073359 0.041026
15 0.206564 0.100000 0.050193 0.025641
15 0.266409 0.210256 0.030888 0.071795
15 0.249035 0.143590 0.057915 0.041026
15 0.225869 0.200000 0.034749 0.071795
15 0.181467 0.205128 0.054054 0.061538
15 0.169884 0.133333 0.038610 0.051282
15 0.160232 0.343590 0.034749 0.092308
15 0.084942 0.120513 0.030888 0.056410
15 0.036680 0.025641 0.065637 0.030769
15 0.243243 0.028205 0.054054 0.035897
15 0.250965 0.069231 0.046332 0.025641
15 0.303089 0.076923 0.042471 0.030769
15 0.281853 0.302564 0.054054 0.051282
15 0.409266 0.602564 0.015444 0.035897
15 0.449807 0.602564 0.034749 0.025641
15 0.472973 0.566667 0.019305 0.035897
15 0.521236 0.564103 0.030888 0.030769
15 0.611969 0.553846 0.019305 0.041026
15 0.598456 0.592308 0.015444 0.035897
15 0.621622 0.610256 0.030888 0.030769
15 0.627413 0.674359 0.019305 0.035897
15 0.638996 0.725641 0.019305 0.046154
15 0.588803 0.700000 0.034749 0.035897
15 0.567568 0.661538 0.023166 0.051282
15 0.501931 0.646154 0.023166 0.030769
15 0.476834 0.705128 0.042471 0.035897
15 0.465251 0.733333 0.057915 0.030769
15 0.436293 0.758974 0.023166 0.030769
15 0.416988 0.784615 0.030888 0.030769
15 0.395753 0.805128 0.042471 0.041026
15 0.366795 0.835897 0.038610 0.051282
15 0.413127 0.892308 0.023166 0.071795
15 0.432432 0.925641 0.023166 0.066667
15 0.459459 0.876923 0.046332 0.030769
15 0.519305 0.887179 0.042471 0.030769
15 0.569498 0.876923 0.019305 0.051282
15 0.561776 0.938462 0.027027 0.041026
15 0.610039 0.892308 0.023166 0.051282
15 0.590734 0.807692 0.030888 0.035897
15 0.509653 0.825641 0.023166 0.051282
15 0.511583 0.764103 0.034749 0.041026
15 0.644788 0.838462 0.030888 0.025641
15 0.447876 0.825641 0.030888 0.020513
15 0.837838 0.228205 0.023166 0.117949
15 0.810811 0.364103 0.030888 0.030769
15 0.779923 0.389744 0.023166 0.082051
15 0.749035 0.343590 0.038610 0.082051
15 0.762548 0.271795 0.034749 0.041026
15 0.915058 0.120513 0.030888 0.087179
15 0.891892 0.174359 0.023166 0.102564
15 0.862934 0.374359 0.027027 0.082051
15 0.830116 0.417949 0.054054 0.035897
15 0.932432 0.402564 0.034749 0.076923
15 0.978764 0.361538 0.027027 0.087179
15 0.810811 0.097436 0.030888 0.092308
