15 0.284553 0.385366 0.065041 0.087805
15 0.382114 0.363415 0.081301 0.073171
15 0.432927 0.451220 0.052846 0.053659
15 0.357724 0.563415 0.089431 0.092683
15 0.451220 0.658537 0.065041 0.068293
15 0.510163 0.685366 0.044715 0.112195
15 0.552846 0.546341 0.040650 0.058537
15 0.593496 0.487805 0.056911 0.078049
15 0.550813 0.380488 0.060976 0.058537
15 0.497967 0.409756 0.044715 0.058537
15 0.522358 0.441463 0.044715 0.063415
15 0.597561 0.324390 0.032520 0.092683
15 0.662602 0.248780 0.056911 0.087805
15 0.729675 0.221951 0.052846 0.082927
15 0.750000 0.334146 0.036585 0.053659
15 0.794715 0.356098 0.044715 0.097561
15 0.865854 0.329268 0.032520 0.073171
15 0.835366 0.470732 0.052846 0.063415
15 0.737805 0.441463 0.052846 0.063415
15 0.680894 0.548780 0.052846 0.053659
15 0.619919 0.609756 0.069106 0.087805
15 0.745935 0.617073 0.052846 0.112195
15 0.806911 0.734146 0.052846 0.082927
15 0.426829 0.753659 0.056911 0.073171
15 0.424797 0.817073 0.069106 0.053659
15 0.327236 0.809756 0.052846 0.058537
15 0.298780 0.902439 0.060976 0.087805
15 0.237805 0.792683 0.052846 0.063415
15 0.186992 0.839024 0.056911 0.078049
15 0.245935 0.678049 0.077236 0.078049
15 0.189024 0.724390 0.060976 0.063415
15 0.140244 0.763415 0.060976 0.063415
15 0.148374 0.470732 0.052846 0.063415
15 0.123984 0.497561 0.060976 0.068293
15 0.121951 0.548780 0.056911 0.043902
15 0.156504 0.380488 0.101626 0.058537
15 0.471545 0.175610 0.032520 0.078049
15 0.321138 0.280488 0.097561 0.043902
15 0.526423 0.180488 0.036585 0.058537
15 0.402439 0.117073 0.056911 0.078049
15 0.402439 0.197561 0.056911 0.073171
15 0.601626 0.212195 0.032520 0.073171
15 0.099593 0.656098 0.060976 0.073171
